,cities,lats,lngs,max_temp,humidity,cloudiness,wind_speed,country,date
0,illoqqortoormiut,-42.78,147.06,287.04,76,81,1.34,AU,1595304801
1,oranjemund,-42.78,147.06,287.04,76,81,1.34,AU,1595304801
2,port alfred,-42.78,147.06,287.04,76,81,1.34,AU,1595304803
3,yellowknife,-42.78,147.06,287.04,76,81,1.34,AU,1595304803
4,bulgan,-42.78,147.06,287.04,76,81,1.34,AU,1595304803
5,hilo,-42.78,147.06,287.04,76,81,1.34,AU,1595304801
6,tautira,-42.78,147.06,287.04,76,81,1.34,AU,1595304801
7,saint george,-42.78,147.06,287.04,76,81,1.34,AU,1595304801
8,carnarvon,-42.78,147.06,287.04,76,81,1.34,AU,1595304801
9,nizhneyansk,-42.78,147.06,287.04,76,81,1.34,AU,1595304803
10,souillac,-42.78,147.06,287.04,76,81,1.34,AU,1595304803
11,tiksi,-42.78,147.06,287.04,76,81,1.34,AU,1595304803
12,punta arenas,-42.78,147.06,287.04,76,81,1.34,AU,1595304803
13,kavaratti,-42.78,147.06,287.04,76,81,1.34,AU,1595304803
14,grafton,-42.78,147.06,287.04,76,81,1.34,AU,1595304803
15,arraial do cabo,-42.78,147.06,287.04,76,81,1.34,AU,1595304803
16,codrington,-42.78,147.06,287.04,76,81,1.34,AU,1595304803
17,east london,-42.78,147.06,287.04,76,81,1.34,AU,1595304803
18,thompson,-42.78,147.06,287.04,76,81,1.34,AU,1595304803
19,amderma,-42.78,147.06,287.04,76,81,1.34,AU,1595304803
20,ancud,-42.78,147.06,287.04,76,81,1.34,AU,1595304803
21,fez,-42.78,147.06,287.04,76,81,1.34,AU,1595304803
22,necochea,-42.78,147.06,287.04,76,81,1.34,AU,1595304803
23,qaanaaq,-42.78,147.06,287.04,76,81,1.34,AU,1595304803
24,victoria,-42.78,147.06,287.04,76,81,1.34,AU,1595304803
25,praia da vitoria,-42.78,147.06,287.04,76,81,1.34,AU,1595304803
26,vardo,-42.78,147.06,287.04,76,81,1.34,AU,1595304803
27,cherskiy,-42.78,147.06,287.04,76,81,1.34,AU,1595304803
28,cape town,-42.78,147.06,287.04,76,81,1.34,AU,1595304803
29,ust-tsilma,-42.78,147.06,287.04,76,81,1.34,AU,1595304803
30,carutapera,-42.78,147.06,287.04,76,81,1.34,AU,1595304803
31,san cristobal,-42.78,147.06,287.04,76,81,1.34,AU,1595304803
32,cabinda,-42.78,147.06,287.04,76,81,1.34,AU,1595304803
33,lebu,-42.78,147.06,287.04,76,81,1.34,AU,1595304803
34,atuona,-42.78,147.06,287.04,76,81,1.34,AU,1595304803
35,maymyo,-42.78,147.06,287.04,76,81,1.34,AU,1595304803
36,hermanus,-42.78,147.06,287.04,76,81,1.34,AU,1595304803
37,rikitea,-42.78,147.06,287.04,76,81,1.34,AU,1595304803
38,ushuaia,-42.78,147.06,287.04,76,81,1.34,AU,1595304803
39,iqaluit,-42.78,147.06,287.04,76,81,1.34,AU,1595304803
40,albany,-42.78,147.06,287.04,76,81,1.34,AU,1595304803
41,komsomolskiy,-42.78,147.06,287.04,76,81,1.34,AU,1595304803
42,piacabucu,-42.78,147.06,287.04,76,81,1.34,AU,1595304803
43,lavrentiya,-42.78,147.06,287.04,76,81,1.34,AU,1595304803
44,mbouda,-42.78,147.06,287.04,76,81,1.34,AU,1595304803
45,tianpeng,-42.78,147.06,287.04,76,81,1.34,AU,1595304803
46,orangeburg,-42.78,147.06,287.04,76,81,1.34,AU,1595304803
47,kodiak,-42.78,147.06,287.04,76,81,1.34,AU,1595304803
48,vaini,-42.78,147.06,287.04,76,81,1.34,AU,1595304803
49,nome,-42.78,147.06,287.04,76,81,1.34,AU,1595304803
50,severo-kurilsk,-42.78,147.06,287.04,76,81,1.34,AU,1595304803
51,mar del plata,-42.78,147.06,287.04,76,81,1.34,AU,1595304803
52,bhum,-42.78,147.06,287.04,76,81,1.34,AU,1595304803
53,namibe,-42.78,147.06,287.04,76,81,1.34,AU,1595304803
54,new norfolk,-42.78,147.06,287.04,76,81,1.34,AU,1595304803
55,comodoro rivadavia,-42.78,147.06,287.04,76,81,1.34,AU,1595304803
56,meulaboh,-42.78,147.06,287.04,76,81,1.34,AU,1595304803
57,richards bay,-42.78,147.06,287.04,76,81,1.34,AU,1595304803
58,port hawkesbury,-42.78,147.06,287.04,76,81,1.34,AU,1595304803
59,erenhot,-42.78,147.06,287.04,76,81,1.34,AU,1595304803
60,tsihombe,-42.78,147.06,287.04,76,81,1.34,AU,1595304803
61,tidore,-42.78,147.06,287.04,76,81,1.34,AU,1595304803
62,ribeira grande,-42.78,147.06,287.04,76,81,1.34,AU,1595304803
63,itarema,-42.78,147.06,287.04,76,81,1.34,AU,1595304803
64,busselton,-42.78,147.06,287.04,76,81,1.34,AU,1595304803
65,samalaeulu,-42.78,147.06,287.04,76,81,1.34,AU,1595304803
66,puerto ayora,-42.78,147.06,287.04,76,81,1.34,AU,1595304803
67,butaritari,-42.78,147.06,287.04,76,81,1.34,AU,1595304803
68,ayr,-42.78,147.06,287.04,76,81,1.34,AU,1595304803
69,taolanaro,-42.78,147.06,287.04,76,81,1.34,AU,1595304803
70,sentyabrskiy,-42.78,147.06,287.04,76,81,1.34,AU,1595304803
71,chulman,-42.78,147.06,287.04,76,81,1.34,AU,1595304803
72,sitka,-42.78,147.06,287.04,76,81,1.34,AU,1595304803
73,mataura,-42.78,147.06,287.04,76,81,1.34,AU,1595304803
74,camargo,-42.78,147.06,287.04,76,81,1.34,AU,1595304803
75,tuktoyaktuk,-42.78,147.06,287.04,76,81,1.34,AU,1595304803
76,jamestown,-42.78,147.06,287.04,76,81,1.34,AU,1595304803
77,mogochin,-42.78,147.06,287.04,76,81,1.34,AU,1595304803
78,patrocinio,-42.78,147.06,287.04,76,81,1.34,AU,1595304803
79,aswan,-42.78,147.06,287.04,76,81,1.34,AU,1595304803
80,castro,-42.78,147.06,287.04,76,81,1.34,AU,1595304803
81,dawson,-42.78,147.06,287.04,76,81,1.34,AU,1595304803
82,caravelas,-42.78,147.06,287.04,76,81,1.34,AU,1595304803
83,gelemso,-42.78,147.06,287.04,76,81,1.34,AU,1595304803
84,letterkenny,-42.78,147.06,287.04,76,81,1.34,AU,1595304803
85,adrar,-42.78,147.06,287.04,76,81,1.34,AU,1595304803
86,graulhet,-42.78,147.06,287.04,76,81,1.34,AU,1595304803
87,tasiilaq,-42.78,147.06,287.04,76,81,1.34,AU,1595304803
88,cabo san lucas,-42.78,147.06,287.04,76,81,1.34,AU,1595304803
89,massakory,-42.78,147.06,287.04,76,81,1.34,AU,1595304803
90,nikolskoye,-42.78,147.06,287.04,76,81,1.34,AU,1595304803
91,port lincoln,-42.78,147.06,287.04,76,81,1.34,AU,1595304803
92,jalu,-42.78,147.06,287.04,76,81,1.34,AU,1595304803
93,hobart,-42.78,147.06,287.04,76,81,1.34,AU,1595304803
94,longyearbyen,-42.78,147.06,287.04,76,81,1.34,AU,1595304803
95,sorland,-42.78,147.06,287.04,76,81,1.34,AU,1595304803
96,khartoum,-42.78,147.06,287.04,76,81,1.34,AU,1595304803
97,belushya guba,-42.78,147.06,287.04,76,81,1.34,AU,1595304803
98,kapaa,-42.78,147.06,287.04,76,81,1.34,AU,1595304803
99,todos santos,-42.78,147.06,287.04,76,81,1.34,AU,1595304803
100,kailua,-42.78,147.06,287.04,76,81,1.34,AU,1595304803
101,upernavik,-42.78,147.06,287.04,76,81,1.34,AU,1595304803
102,khatanga,-42.78,147.06,287.04,76,81,1.34,AU,1595304803
103,hithadhoo,-42.78,147.06,287.04,76,81,1.34,AU,1595304803
104,ishigaki,-42.78,147.06,287.04,76,81,1.34,AU,1595304803
105,dire dawa,-42.78,147.06,287.04,76,81,1.34,AU,1595304803
106,dikson,-42.78,147.06,287.04,76,81,1.34,AU,1595304803
107,saint-augustin,-42.78,147.06,287.04,76,81,1.34,AU,1595304803
108,kysyl-syr,-42.78,147.06,287.04,76,81,1.34,AU,1595304803
109,shimoda,-42.78,147.06,287.04,76,81,1.34,AU,1595304803
110,manicore,-42.78,147.06,287.04,76,81,1.34,AU,1595304803
111,crossville,-42.78,147.06,287.04,76,81,1.34,AU,1595304803
112,mahebourg,-42.78,147.06,287.04,76,81,1.34,AU,1595304803
113,torbay,-42.78,147.06,287.04,76,81,1.34,AU,1595304803
114,barrow,-42.78,147.06,287.04,76,81,1.34,AU,1595304803
115,curuca,-42.78,147.06,287.04,76,81,1.34,AU,1595304803
116,palmer,-42.78,147.06,287.04,76,81,1.34,AU,1595304803
117,bensonville,-42.78,147.06,287.04,76,81,1.34,AU,1595304803
118,ouahigouya,-42.78,147.06,287.04,76,81,1.34,AU,1595304803
119,sao filipe,-42.78,147.06,287.04,76,81,1.34,AU,1595304803
120,ponta do sol,-42.78,147.06,287.04,76,81,1.34,AU,1595304803
121,kodinsk,-42.78,147.06,287.04,76,81,1.34,AU,1595304803
122,bulungu,-42.78,147.06,287.04,76,81,1.34,AU,1595304803
123,yulara,-42.78,147.06,287.04,76,81,1.34,AU,1595304803
124,grand river south east,-42.78,147.06,287.04,76,81,1.34,AU,1595304803
125,guerrero negro,-42.78,147.06,287.04,76,81,1.34,AU,1595304803
126,yar-sale,-42.78,147.06,287.04,76,81,1.34,AU,1595304803
127,villa oliva,-42.78,147.06,287.04,76,81,1.34,AU,1595304803
128,alofi,-42.78,147.06,287.04,76,81,1.34,AU,1595304803
129,yeletskiy,-42.78,147.06,287.04,76,81,1.34,AU,1595304803
130,serafimovskiy,-42.78,147.06,287.04,76,81,1.34,AU,1595304803
131,bambous virieux,-42.78,147.06,287.04,76,81,1.34,AU,1595304803
132,bud,-42.78,147.06,287.04,76,81,1.34,AU,1595304803
133,ballina,-42.78,147.06,287.04,76,81,1.34,AU,1595304803
134,tateyama,-42.78,147.06,287.04,76,81,1.34,AU,1595304803
135,loudi,-42.78,147.06,287.04,76,81,1.34,AU,1595304803
136,port moresby,-42.78,147.06,287.04,76,81,1.34,AU,1595304803
137,kristiinankaupunki,-42.78,147.06,287.04,76,81,1.34,AU,1595304803
138,ust-omchug,-42.78,147.06,287.04,76,81,1.34,AU,1595304803
139,sorong,-42.78,147.06,287.04,76,81,1.34,AU,1595304803
140,saint-georges,-42.78,147.06,287.04,76,81,1.34,AU,1595304803
141,santa eulalia del rio,-42.78,147.06,287.04,76,81,1.34,AU,1595304803
142,santa cruz,-42.78,147.06,287.04,76,81,1.34,AU,1595304803
143,wanning,-42.78,147.06,287.04,76,81,1.34,AU,1595304803
144,geraldton,-42.78,147.06,287.04,76,81,1.34,AU,1595304803
145,bengkulu,-42.78,147.06,287.04,76,81,1.34,AU,1595304803
146,kommunar,-42.78,147.06,287.04,76,81,1.34,AU,1595304803
147,oistins,-42.78,147.06,287.04,76,81,1.34,AU,1595304803
148,buariki,-42.78,147.06,287.04,76,81,1.34,AU,1595304803
149,wad madani,-42.78,147.06,287.04,76,81,1.34,AU,1595304803
150,mudanya,-42.78,147.06,287.04,76,81,1.34,AU,1595304803
151,karkaralinsk,-42.78,147.06,287.04,76,81,1.34,AU,1595304803
152,mys shmidta,-42.78,147.06,287.04,76,81,1.34,AU,1595304803
153,georgetown,-42.78,147.06,287.04,76,81,1.34,AU,1595304803
154,tenri,-42.78,147.06,287.04,76,81,1.34,AU,1595304803
155,kavieng,-42.78,147.06,287.04,76,81,1.34,AU,1595304803
156,ngaoundere,-42.78,147.06,287.04,76,81,1.34,AU,1595304803
157,dianopolis,-42.78,147.06,287.04,76,81,1.34,AU,1595304803
158,barabai,-42.78,147.06,287.04,76,81,1.34,AU,1595304803
159,saint-philippe,-42.78,147.06,287.04,76,81,1.34,AU,1595304803
160,dingle,-42.78,147.06,287.04,76,81,1.34,AU,1595304803
161,riyadh,-42.78,147.06,287.04,76,81,1.34,AU,1595304803
162,dukat,-42.78,147.06,287.04,76,81,1.34,AU,1595304803
163,biak,-42.78,147.06,287.04,76,81,1.34,AU,1595304803
164,chokurdakh,-42.78,147.06,287.04,76,81,1.34,AU,1595304803
165,eyl,-42.78,147.06,287.04,76,81,1.34,AU,1595304803
166,lagoa,-42.78,147.06,287.04,76,81,1.34,AU,1595304803
167,abu dhabi,-42.78,147.06,287.04,76,81,1.34,AU,1595304803
168,barcelona,-42.78,147.06,287.04,76,81,1.34,AU,1595304803
169,austin,-42.78,147.06,287.04,76,81,1.34,AU,1595304803
170,kargasok,-42.78,147.06,287.04,76,81,1.34,AU,1595304803
171,parrita,-42.78,147.06,287.04,76,81,1.34,AU,1595304803
172,nacala,-42.78,147.06,287.04,76,81,1.34,AU,1595304803
173,sainte-anne-des-monts,-42.78,147.06,287.04,76,81,1.34,AU,1595304803
174,gao,-42.78,147.06,287.04,76,81,1.34,AU,1595304803
175,vaitupu,-42.78,147.06,287.04,76,81,1.34,AU,1595304803
176,kerman,-42.78,147.06,287.04,76,81,1.34,AU,1595304803
177,madras,-42.78,147.06,287.04,76,81,1.34,AU,1595304803
178,clovis,-42.78,147.06,287.04,76,81,1.34,AU,1595304803
179,kahului,-42.78,147.06,287.04,76,81,1.34,AU,1595304803
180,tigil,-42.78,147.06,287.04,76,81,1.34,AU,1595304803
181,victor harbor,-42.78,147.06,287.04,76,81,1.34,AU,1595304803
182,isangel,-42.78,147.06,287.04,76,81,1.34,AU,1595304803
183,saldanha,-42.78,147.06,287.04,76,81,1.34,AU,1595304803
184,emilio carranza,-42.78,147.06,287.04,76,81,1.34,AU,1595304803
185,leningradskiy,-42.78,147.06,287.04,76,81,1.34,AU,1595304803
186,te anau,-42.78,147.06,287.04,76,81,1.34,AU,1595304803
187,burica,-42.78,147.06,287.04,76,81,1.34,AU,1595304803
188,moroto,-42.78,147.06,287.04,76,81,1.34,AU,1595304803
189,novouzensk,-42.78,147.06,287.04,76,81,1.34,AU,1595304803
190,waterloo,-42.78,147.06,287.04,76,81,1.34,AU,1595304803
191,laguna,-42.78,147.06,287.04,76,81,1.34,AU,1595304803
192,lompoc,-42.78,147.06,287.04,76,81,1.34,AU,1595304803
193,bandarbeyla,-42.78,147.06,287.04,76,81,1.34,AU,1595304803
194,sulangan,-42.78,147.06,287.04,76,81,1.34,AU,1595304803
195,kalmunai,-42.78,147.06,287.04,76,81,1.34,AU,1595304803
196,fairbanks,-42.78,147.06,287.04,76,81,1.34,AU,1595304803
197,ouro preto do oeste,-42.78,147.06,287.04,76,81,1.34,AU,1595304803
198,ahumada,-42.78,147.06,287.04,76,81,1.34,AU,1595304803
199,jumla,-42.78,147.06,287.04,76,81,1.34,AU,1595304803
200,tabiauea,-42.78,147.06,287.04,76,81,1.34,AU,1595304803
201,bredasdorp,-42.78,147.06,287.04,76,81,1.34,AU,1595304803
202,brokopondo,-42.78,147.06,287.04,76,81,1.34,AU,1595304803
203,puerto ayacucho,-42.78,147.06,287.04,76,81,1.34,AU,1595304803
204,sobolevo,-42.78,147.06,287.04,76,81,1.34,AU,1595304803
205,grand gaube,-42.78,147.06,287.04,76,81,1.34,AU,1595304803
206,mitsamiouli,-42.78,147.06,287.04,76,81,1.34,AU,1595304803
207,roma,-42.78,147.06,287.04,76,81,1.34,AU,1595304803
208,mehamn,-42.78,147.06,287.04,76,81,1.34,AU,1595304803
209,bluff,-42.78,147.06,287.04,76,81,1.34,AU,1595304803
210,paciran,-42.78,147.06,287.04,76,81,1.34,AU,1595304803
211,pevek,-42.78,147.06,287.04,76,81,1.34,AU,1595304803
212,katsuura,-42.78,147.06,287.04,76,81,1.34,AU,1595304803
213,ust-nera,-42.78,147.06,287.04,76,81,1.34,AU,1595304803
214,maroantsetra,-42.78,147.06,287.04,76,81,1.34,AU,1595304803
215,grand centre,-42.78,147.06,287.04,76,81,1.34,AU,1595304803
216,altamira,-42.78,147.06,287.04,76,81,1.34,AU,1595304803
217,manokwari,-42.78,147.06,287.04,76,81,1.34,AU,1595304803
218,avarua,-42.78,147.06,287.04,76,81,1.34,AU,1595304803
219,port macquarie,-42.78,147.06,287.04,76,81,1.34,AU,1595304803
220,hurricane,-42.78,147.06,287.04,76,81,1.34,AU,1595304803
221,aljezur,-42.78,147.06,287.04,76,81,1.34,AU,1595304803
222,grindavik,-42.78,147.06,287.04,76,81,1.34,AU,1595304803
223,doctor pedro p. pena,-42.78,147.06,287.04,76,81,1.34,AU,1595304803
224,husavik,-42.78,147.06,287.04,76,81,1.34,AU,1595304803
225,gujar khan,-42.78,147.06,287.04,76,81,1.34,AU,1595304803
226,evensk,-42.78,147.06,287.04,76,81,1.34,AU,1595304803
227,rajauri,-42.78,147.06,287.04,76,81,1.34,AU,1595304803
228,amzya,-42.78,147.06,287.04,76,81,1.34,AU,1595304803
229,pisco,-42.78,147.06,287.04,76,81,1.34,AU,1595304803
230,korla,-42.78,147.06,287.04,76,81,1.34,AU,1595304803
231,provideniya,-42.78,147.06,287.04,76,81,1.34,AU,1595304803
232,kruisfontein,-42.78,147.06,287.04,76,81,1.34,AU,1595304803
233,cidreira,-42.78,147.06,287.04,76,81,1.34,AU,1595304803
234,amahai,-42.78,147.06,287.04,76,81,1.34,AU,1595304803
235,viedma,-42.78,147.06,287.04,76,81,1.34,AU,1595304803
236,marawi,-42.78,147.06,287.04,76,81,1.34,AU,1595304803
237,luderitz,-42.78,147.06,287.04,76,81,1.34,AU,1595304803
238,tabas,-42.78,147.06,287.04,76,81,1.34,AU,1595304803
239,le port,-42.78,147.06,287.04,76,81,1.34,AU,1595304803
240,lusambo,-42.78,147.06,287.04,76,81,1.34,AU,1595304803
241,kaitangata,-42.78,147.06,287.04,76,81,1.34,AU,1595304803
242,tessalit,-42.78,147.06,287.04,76,81,1.34,AU,1595304803
243,lolua,-42.78,147.06,287.04,76,81,1.34,AU,1595304803
244,ngukurr,-42.78,147.06,287.04,76,81,1.34,AU,1595304803
245,dryden,-42.78,147.06,287.04,76,81,1.34,AU,1595304803
246,duma,-42.78,147.06,287.04,76,81,1.34,AU,1595304803
247,hargeysa,-42.78,147.06,287.04,76,81,1.34,AU,1595304803
248,vao,-42.78,147.06,287.04,76,81,1.34,AU,1595304803
249,aksu,-42.78,147.06,287.04,76,81,1.34,AU,1595304803
250,muyezerskiy,-42.78,147.06,287.04,76,81,1.34,AU,1595304803
251,nelson bay,-42.78,147.06,287.04,76,81,1.34,AU,1595304803
252,harper,-42.78,147.06,287.04,76,81,1.34,AU,1595304803
253,mount gambier,-42.78,147.06,287.04,76,81,1.34,AU,1595304803
254,barentsburg,-42.78,147.06,287.04,76,81,1.34,AU,1595304803
255,kununurra,-42.78,147.06,287.04,76,81,1.34,AU,1595304803
256,omboue,-42.78,147.06,287.04,76,81,1.34,AU,1595304803
257,biltine,-42.78,147.06,287.04,76,81,1.34,AU,1595304803
258,muros,-42.78,147.06,287.04,76,81,1.34,AU,1595304803
259,verkh-usugli,-42.78,147.06,287.04,76,81,1.34,AU,1595304803
260,chyhyryn,-42.78,147.06,287.04,76,81,1.34,AU,1595304803
261,rawson,-42.78,147.06,287.04,76,81,1.34,AU,1595304803
262,meyungs,-42.78,147.06,287.04,76,81,1.34,AU,1595304803
263,paita,-42.78,147.06,287.04,76,81,1.34,AU,1595304803
264,khor,-42.78,147.06,287.04,76,81,1.34,AU,1595304803
265,malakal,-42.78,147.06,287.04,76,81,1.34,AU,1595304803
266,atripalda,-42.78,147.06,287.04,76,81,1.34,AU,1595304803
267,vanimo,-42.78,147.06,287.04,76,81,1.34,AU,1595304803
268,afmadu,-42.78,147.06,287.04,76,81,1.34,AU,1595304803
269,matara,-42.78,147.06,287.04,76,81,1.34,AU,1595304803
270,aban,-42.78,147.06,287.04,76,81,1.34,AU,1595304803
271,henties bay,-42.78,147.06,287.04,76,81,1.34,AU,1595304803
272,urumqi,-42.78,147.06,287.04,76,81,1.34,AU,1595304803
273,shenjiamen,-42.78,147.06,287.04,76,81,1.34,AU,1595304803
274,bilma,-42.78,147.06,287.04,76,81,1.34,AU,1595304803
275,hauterive,-42.78,147.06,287.04,76,81,1.34,AU,1595304803
276,mayo,-42.78,147.06,287.04,76,81,1.34,AU,1595304803
277,vredendal,-42.78,147.06,287.04,76,81,1.34,AU,1595304803
278,faanui,-42.78,147.06,287.04,76,81,1.34,AU,1595304803
279,anori,-42.78,147.06,287.04,76,81,1.34,AU,1595304803
280,broken hill,-42.78,147.06,287.04,76,81,1.34,AU,1595304803
281,paamiut,-42.78,147.06,287.04,76,81,1.34,AU,1595304803
282,bethel,-42.78,147.06,287.04,76,81,1.34,AU,1595304803
283,hirara,-42.78,147.06,287.04,76,81,1.34,AU,1595304803
284,college,-42.78,147.06,287.04,76,81,1.34,AU,1595304803
285,japura,-42.78,147.06,287.04,76,81,1.34,AU,1595304803
286,mazabuka,-42.78,147.06,287.04,76,81,1.34,AU,1595304803
287,shchelyayur,-42.78,147.06,287.04,76,81,1.34,AU,1595304803
288,nanortalik,-42.78,147.06,287.04,76,81,1.34,AU,1595304803
289,ilulissat,-42.78,147.06,287.04,76,81,1.34,AU,1595304803
290,gejiu,-42.78,147.06,287.04,76,81,1.34,AU,1595304803
291,saskylakh,-42.78,147.06,287.04,76,81,1.34,AU,1595304803
292,esperance,-42.78,147.06,287.04,76,81,1.34,AU,1595304803
293,vanavara,-42.78,147.06,287.04,76,81,1.34,AU,1595304803
294,bagotville,-42.78,147.06,287.04,76,81,1.34,AU,1595304803
295,hartford,-42.78,147.06,287.04,76,81,1.34,AU,1595304803
296,port elizabeth,-42.78,147.06,287.04,76,81,1.34,AU,1595304803
297,attawapiskat,-42.78,147.06,287.04,76,81,1.34,AU,1595304803
298,nizwa,-42.78,147.06,287.04,76,81,1.34,AU,1595304803
299,kattivakkam,-42.78,147.06,287.04,76,81,1.34,AU,1595304803
300,kenai,-42.78,147.06,287.04,76,81,1.34,AU,1595304803
301,karamay,-42.78,147.06,287.04,76,81,1.34,AU,1595304803
302,moberly,-42.78,147.06,287.04,76,81,1.34,AU,1595304803
303,grande prairie,-42.78,147.06,287.04,76,81,1.34,AU,1595304803
304,narsaq,-42.78,147.06,287.04,76,81,1.34,AU,1595304803
305,hilton head island,-42.78,147.06,287.04,76,81,1.34,AU,1595304803
306,beloha,-42.78,147.06,287.04,76,81,1.34,AU,1595304803
307,skeldon,-42.78,147.06,287.04,76,81,1.34,AU,1595304803
308,san quintin,-42.78,147.06,287.04,76,81,1.34,AU,1595304803
309,el balyana,-42.78,147.06,287.04,76,81,1.34,AU,1595304803
310,airai,-42.78,147.06,287.04,76,81,1.34,AU,1595304803
311,viransehir,-42.78,147.06,287.04,76,81,1.34,AU,1595304803
312,karachev,-42.78,147.06,287.04,76,81,1.34,AU,1595304803
313,taoudenni,-42.78,147.06,287.04,76,81,1.34,AU,1595304803
314,norman wells,-42.78,147.06,287.04,76,81,1.34,AU,1595304803
315,waw,-42.78,147.06,287.04,76,81,1.34,AU,1595304803
316,cozumel,-42.78,147.06,287.04,76,81,1.34,AU,1595304803
317,sao joao da barra,-42.78,147.06,287.04,76,81,1.34,AU,1595304803
318,lufilufi,-42.78,147.06,287.04,76,81,1.34,AU,1595304803
319,marzuq,-42.78,147.06,287.04,76,81,1.34,AU,1595304803
320,korgen,-42.78,147.06,287.04,76,81,1.34,AU,1595304803
321,drayton valley,-42.78,147.06,287.04,76,81,1.34,AU,1595304803
322,quatre cocos,-42.78,147.06,287.04,76,81,1.34,AU,1595304803
323,xingcheng,-42.78,147.06,287.04,76,81,1.34,AU,1595304803
324,uusikaupunki,-42.78,147.06,287.04,76,81,1.34,AU,1595304803
325,ilhabela,-42.78,147.06,287.04,76,81,1.34,AU,1595304803
326,tuatapere,-42.78,147.06,287.04,76,81,1.34,AU,1595304803
327,west fargo,-42.78,147.06,287.04,76,81,1.34,AU,1595304803
328,darnah,-42.78,147.06,287.04,76,81,1.34,AU,1595304803
329,takoradi,-42.78,147.06,287.04,76,81,1.34,AU,1595304803
330,karakendzha,-42.78,147.06,287.04,76,81,1.34,AU,1595304803
331,kondagaon,-42.78,147.06,287.04,76,81,1.34,AU,1595304803
332,maniitsoq,-42.78,147.06,287.04,76,81,1.34,AU,1595304803
333,mount isa,-42.78,147.06,287.04,76,81,1.34,AU,1595304803
334,noyabrsk,-42.78,147.06,287.04,76,81,1.34,AU,1595304803
335,port augusta,-42.78,147.06,287.04,76,81,1.34,AU,1595304803
336,brest,-42.78,147.06,287.04,76,81,1.34,AU,1595304803
337,karratha,-42.78,147.06,287.04,76,81,1.34,AU,1595304803
338,novoagansk,-42.78,147.06,287.04,76,81,1.34,AU,1595304803
339,sakakah,-42.78,147.06,287.04,76,81,1.34,AU,1595304803
340,bowen,-42.78,147.06,287.04,76,81,1.34,AU,1595304803
341,clyde river,-42.78,147.06,287.04,76,81,1.34,AU,1595304803
342,baker city,-42.78,147.06,287.04,76,81,1.34,AU,1595304803
343,weihe,-42.78,147.06,287.04,76,81,1.34,AU,1595304803
344,arkhara,-42.78,147.06,287.04,76,81,1.34,AU,1595304803
345,karaul,-42.78,147.06,287.04,76,81,1.34,AU,1595304803
346,krasnokamensk,-42.78,147.06,287.04,76,81,1.34,AU,1595304803
347,hearst,-42.78,147.06,287.04,76,81,1.34,AU,1595304803
348,cap malheureux,-42.78,147.06,287.04,76,81,1.34,AU,1595304803
349,pitrufquen,-42.78,147.06,287.04,76,81,1.34,AU,1595304803
350,rocky mount,-42.78,147.06,287.04,76,81,1.34,AU,1595304803
351,thinadhoo,-42.78,147.06,287.04,76,81,1.34,AU,1595304803
352,adwa,-42.78,147.06,287.04,76,81,1.34,AU,1595304803
353,padang,-42.78,147.06,287.04,76,81,1.34,AU,1595304803
354,salalah,-42.78,147.06,287.04,76,81,1.34,AU,1595304803
355,tefe,-42.78,147.06,287.04,76,81,1.34,AU,1595304803
356,rungata,-42.78,147.06,287.04,76,81,1.34,AU,1595304803
357,tukums,-42.78,147.06,287.04,76,81,1.34,AU,1595304803
358,araouane,-42.78,147.06,287.04,76,81,1.34,AU,1595304803
359,vryburg,-42.78,147.06,287.04,76,81,1.34,AU,1595304803
360,uva,-42.78,147.06,287.04,76,81,1.34,AU,1595304803
361,pontianak,-42.78,147.06,287.04,76,81,1.34,AU,1595304803
362,moree,-42.78,147.06,287.04,76,81,1.34,AU,1595304803
363,chapais,-42.78,147.06,287.04,76,81,1.34,AU,1595304803
364,barra do garcas,-42.78,147.06,287.04,76,81,1.34,AU,1595304803
365,portland,-42.78,147.06,287.04,76,81,1.34,AU,1595304803
366,lukang,-42.78,147.06,287.04,76,81,1.34,AU,1595304803
367,maiduguri,-42.78,147.06,287.04,76,81,1.34,AU,1595304803
368,talara,-42.78,147.06,287.04,76,81,1.34,AU,1595304803
369,colquechaca,-42.78,147.06,287.04,76,81,1.34,AU,1595304803
370,gambiran,-42.78,147.06,287.04,76,81,1.34,AU,1595304803
371,marcona,-42.78,147.06,287.04,76,81,1.34,AU,1595304803
372,svetlogorsk,-42.78,147.06,287.04,76,81,1.34,AU,1595304803
373,bereznik,-42.78,147.06,287.04,76,81,1.34,AU,1595304803
374,sao jose da coroa grande,-42.78,147.06,287.04,76,81,1.34,AU,1595304803
375,pokaran,-42.78,147.06,287.04,76,81,1.34,AU,1595304803
376,faya,-42.78,147.06,287.04,76,81,1.34,AU,1595304803
377,constitucion,-42.78,147.06,287.04,76,81,1.34,AU,1595304803
378,kamoke,-42.78,147.06,287.04,76,81,1.34,AU,1595304803
379,port keats,-42.78,147.06,287.04,76,81,1.34,AU,1595304803
380,carapicuiba,-42.78,147.06,287.04,76,81,1.34,AU,1595304803
381,hasaki,-42.78,147.06,287.04,76,81,1.34,AU,1595304803
382,nishihara,-42.78,147.06,287.04,76,81,1.34,AU,1595304803
383,rocha,-42.78,147.06,287.04,76,81,1.34,AU,1595304803
384,ostrovnoy,-42.78,147.06,287.04,76,81,1.34,AU,1595304803
385,alzamay,-42.78,147.06,287.04,76,81,1.34,AU,1595304803
386,winslow,-42.78,147.06,287.04,76,81,1.34,AU,1595304803
387,tommot,-42.78,147.06,287.04,76,81,1.34,AU,1595304803
388,touros,-42.78,147.06,287.04,76,81,1.34,AU,1595304803
389,hohhot,-42.78,147.06,287.04,76,81,1.34,AU,1595304803
390,ferme-neuve,-42.78,147.06,287.04,76,81,1.34,AU,1595304803
391,poltavka,-42.78,147.06,287.04,76,81,1.34,AU,1595304803
392,sokoni,-42.78,147.06,287.04,76,81,1.34,AU,1595304803
393,utiroa,-42.78,147.06,287.04,76,81,1.34,AU,1595304803
394,porto torres,-42.78,147.06,287.04,76,81,1.34,AU,1595304803
395,deputatskiy,-42.78,147.06,287.04,76,81,1.34,AU,1595304803
396,pudozh,-42.78,147.06,287.04,76,81,1.34,AU,1595304803
397,umm lajj,-42.78,147.06,287.04,76,81,1.34,AU,1595304803
398,manaure,-42.78,147.06,287.04,76,81,1.34,AU,1595304803
399,chuy,-42.78,147.06,287.04,76,81,1.34,AU,1595304803
400,tashtyp,-42.78,147.06,287.04,76,81,1.34,AU,1595304803
401,itarantim,-42.78,147.06,287.04,76,81,1.34,AU,1595304803
402,bargal,-42.78,147.06,287.04,76,81,1.34,AU,1595304803
403,guanica,-42.78,147.06,287.04,76,81,1.34,AU,1595304803
404,big rapids,-42.78,147.06,287.04,76,81,1.34,AU,1595304803
405,gazanjyk,-42.78,147.06,287.04,76,81,1.34,AU,1595304803
406,cedar city,-42.78,147.06,287.04,76,81,1.34,AU,1595304803
407,tarpon springs,-42.78,147.06,287.04,76,81,1.34,AU,1595304803
408,aasiaat,-42.78,147.06,287.04,76,81,1.34,AU,1595304803
409,escanaba,-42.78,147.06,287.04,76,81,1.34,AU,1595304803
410,silifke,-42.78,147.06,287.04,76,81,1.34,AU,1595304803
411,aklavik,-42.78,147.06,287.04,76,81,1.34,AU,1595304803
412,ryomgard,-42.78,147.06,287.04,76,81,1.34,AU,1595304803
413,ishim,-42.78,147.06,287.04,76,81,1.34,AU,1595304803
414,saint john,-42.78,147.06,287.04,76,81,1.34,AU,1595304803
415,tabou,-42.78,147.06,287.04,76,81,1.34,AU,1595304803
416,faro,-42.78,147.06,287.04,76,81,1.34,AU,1595304803
417,zadar,-42.78,147.06,287.04,76,81,1.34,AU,1595304803
418,tura,-42.78,147.06,287.04,76,81,1.34,AU,1595304803
419,ostrogozhsk,-42.78,147.06,287.04,76,81,1.34,AU,1595304803
420,tilsonburg,-42.78,147.06,287.04,76,81,1.34,AU,1595304803
421,luau,-42.78,147.06,287.04,76,81,1.34,AU,1595304803
422,singapore,-42.78,147.06,287.04,76,81,1.34,AU,1595304803
423,ambodifototra,-42.78,147.06,287.04,76,81,1.34,AU,1595304803
424,avera,-42.78,147.06,287.04,76,81,1.34,AU,1595304803
425,mergui,-42.78,147.06,287.04,76,81,1.34,AU,1595304803
426,gat,-42.78,147.06,287.04,76,81,1.34,AU,1595304803
427,coquimbo,-42.78,147.06,287.04,76,81,1.34,AU,1595304803
428,aykhal,-42.78,147.06,287.04,76,81,1.34,AU,1595304803
429,larap,-42.78,147.06,287.04,76,81,1.34,AU,1595304803
430,manaus,-42.78,147.06,287.04,76,81,1.34,AU,1595304803
431,louisbourg,-42.78,147.06,287.04,76,81,1.34,AU,1595304803
432,sinnamary,-42.78,147.06,287.04,76,81,1.34,AU,1595304803
433,sola,-42.78,147.06,287.04,76,81,1.34,AU,1595304803
434,yeppoon,-42.78,147.06,287.04,76,81,1.34,AU,1595304803
435,chara,-42.78,147.06,287.04,76,81,1.34,AU,1595304803
436,kroya,-42.78,147.06,287.04,76,81,1.34,AU,1595304803
437,kirakira,-42.78,147.06,287.04,76,81,1.34,AU,1595304803
438,nenjiang,-42.78,147.06,287.04,76,81,1.34,AU,1595304803
439,dawei,-42.78,147.06,287.04,76,81,1.34,AU,1595304803
440,verkhnyaya inta,-42.78,147.06,287.04,76,81,1.34,AU,1595304803
441,maua,-42.78,147.06,287.04,76,81,1.34,AU,1595304803
442,sorvag,-42.78,147.06,287.04,76,81,1.34,AU,1595304803
443,lensk,-42.78,147.06,287.04,76,81,1.34,AU,1595304803
444,krasnoselkup,-42.78,147.06,287.04,76,81,1.34,AU,1595304803
445,koumac,-42.78,147.06,287.04,76,81,1.34,AU,1595304803
446,poum,-42.78,147.06,287.04,76,81,1.34,AU,1595304803
447,cuajinicuilapa,-42.78,147.06,287.04,76,81,1.34,AU,1595304803
448,mocuba,-42.78,147.06,287.04,76,81,1.34,AU,1595304803
449,komsomolets,-42.78,147.06,287.04,76,81,1.34,AU,1595304803
450,destin,-42.78,147.06,287.04,76,81,1.34,AU,1595304803
451,hamilton,-42.78,147.06,287.04,76,81,1.34,AU,1595304803
452,skjervoy,-42.78,147.06,287.04,76,81,1.34,AU,1595304803
453,coruripe,-42.78,147.06,287.04,76,81,1.34,AU,1595304803
454,tual,-42.78,147.06,287.04,76,81,1.34,AU,1595304803
455,liverpool,-42.78,147.06,287.04,76,81,1.34,AU,1595304803
456,yablonovo,-42.78,147.06,287.04,76,81,1.34,AU,1595304803
457,mezen,-42.78,147.06,287.04,76,81,1.34,AU,1595304803
458,opuwo,-42.78,147.06,287.04,76,81,1.34,AU,1595304803
459,parksepa,-42.78,147.06,287.04,76,81,1.34,AU,1595304803
460,denpasar,-42.78,147.06,287.04,76,81,1.34,AU,1595304803
461,fortuna,-42.78,147.06,287.04,76,81,1.34,AU,1595304803
462,dubbo,-42.78,147.06,287.04,76,81,1.34,AU,1595304803
463,fukue,-42.78,147.06,287.04,76,81,1.34,AU,1595304803
464,sao miguel do araguaia,-42.78,147.06,287.04,76,81,1.34,AU,1595304803
465,port hedland,-42.78,147.06,287.04,76,81,1.34,AU,1595304803
466,almaya,-42.78,147.06,287.04,76,81,1.34,AU,1595304803
467,saleaula,-42.78,147.06,287.04,76,81,1.34,AU,1595304803
468,ouango,-42.78,147.06,287.04,76,81,1.34,AU,1595304803
469,toamasina,-42.78,147.06,287.04,76,81,1.34,AU,1595304803
470,hobe sound,-42.78,147.06,287.04,76,81,1.34,AU,1595304803
471,bitkine,-42.78,147.06,287.04,76,81,1.34,AU,1595304803
472,lumeje,-42.78,147.06,287.04,76,81,1.34,AU,1595304803
473,lazaro cardenas,-42.78,147.06,287.04,76,81,1.34,AU,1595304803
474,russell,-42.78,147.06,287.04,76,81,1.34,AU,1595304803
475,port shepstone,-42.78,147.06,287.04,76,81,1.34,AU,1595304803
476,seydi,-42.78,147.06,287.04,76,81,1.34,AU,1595304803
477,miquelon,-42.78,147.06,287.04,76,81,1.34,AU,1595304803
478,dentsville,-42.78,147.06,287.04,76,81,1.34,AU,1595304803
479,margate,-42.78,147.06,287.04,76,81,1.34,AU,1595304803
480,sharan,-42.78,147.06,287.04,76,81,1.34,AU,1595304803
481,tarudant,-42.78,147.06,287.04,76,81,1.34,AU,1595304803
482,nurota,-42.78,147.06,287.04,76,81,1.34,AU,1595304803
483,tari,-42.78,147.06,287.04,76,81,1.34,AU,1595304803
484,seymchan,-42.78,147.06,287.04,76,81,1.34,AU,1595304803
485,celestun,-42.78,147.06,287.04,76,81,1.34,AU,1595304803
486,stornoway,-42.78,147.06,287.04,76,81,1.34,AU,1595304803
487,bunia,-42.78,147.06,287.04,76,81,1.34,AU,1595304803
488,baton rouge,-42.78,147.06,287.04,76,81,1.34,AU,1595304803
489,jiddah,-42.78,147.06,287.04,76,81,1.34,AU,1595304803
490,zheleznodorozhnyy,-42.78,147.06,287.04,76,81,1.34,AU,1595304803
491,bafoulabe,-42.78,147.06,287.04,76,81,1.34,AU,1595304803
492,kapoeta,-42.78,147.06,287.04,76,81,1.34,AU,1595304803
493,vila franca do campo,-42.78,147.06,287.04,76,81,1.34,AU,1595304803
494,lang suan,-42.78,147.06,287.04,76,81,1.34,AU,1595304803
495,vestmannaeyjar,-42.78,147.06,287.04,76,81,1.34,AU,1595304803
496,salinopolis,-42.78,147.06,287.04,76,81,1.34,AU,1595304803
497,ahipara,-42.78,147.06,287.04,76,81,1.34,AU,1595304803
498,manggar,-42.78,147.06,287.04,76,81,1.34,AU,1595304803
499,quetta,-42.78,147.06,287.04,76,81,1.34,AU,1595304803
500,ouesso,-42.78,147.06,287.04,76,81,1.34,AU,1595304803
501,kupang,-42.78,147.06,287.04,76,81,1.34,AU,1595304803
502,sompeta,-42.78,147.06,287.04,76,81,1.34,AU,1595304803
503,bairiki,-42.78,147.06,287.04,76,81,1.34,AU,1595304803
504,lewisporte,-42.78,147.06,287.04,76,81,1.34,AU,1595304803
505,ahuimanu,-42.78,147.06,287.04,76,81,1.34,AU,1595304803
506,inderborskiy,-42.78,147.06,287.04,76,81,1.34,AU,1595304803
507,poya,-42.78,147.06,287.04,76,81,1.34,AU,1595304803
508,sedelnikovo,-42.78,147.06,287.04,76,81,1.34,AU,1595304803
509,lewisville,-42.78,147.06,287.04,76,81,1.34,AU,1595304803
510,manuk mangkaw,-42.78,147.06,287.04,76,81,1.34,AU,1595304803
511,awbari,-42.78,147.06,287.04,76,81,1.34,AU,1595304803
512,trincomalee,-42.78,147.06,287.04,76,81,1.34,AU,1595304803
513,pacific grove,-42.78,147.06,287.04,76,81,1.34,AU,1595304803
514,el tarra,-42.78,147.06,287.04,76,81,1.34,AU,1595304803
515,del rio,-42.78,147.06,287.04,76,81,1.34,AU,1595304803
516,balykshi,-42.78,147.06,287.04,76,81,1.34,AU,1595304803
517,abnub,-42.78,147.06,287.04,76,81,1.34,AU,1595304803
518,bijapur,-42.78,147.06,287.04,76,81,1.34,AU,1595304803
519,nizhniy tsasuchey,-42.78,147.06,287.04,76,81,1.34,AU,1595304803
520,waingapu,-42.78,147.06,287.04,76,81,1.34,AU,1595304803
521,dasoguz,-42.78,147.06,287.04,76,81,1.34,AU,1595304803
522,klyuchi,-42.78,147.06,287.04,76,81,1.34,AU,1595304803
523,vicencia,-42.78,147.06,287.04,76,81,1.34,AU,1595304803
524,nuevo progreso,-42.78,147.06,287.04,76,81,1.34,AU,1595304803
525,kapit,-42.78,147.06,287.04,76,81,1.34,AU,1595304803
526,kutum,-42.78,147.06,287.04,76,81,1.34,AU,1595304803
527,klaksvik,-42.78,147.06,287.04,76,81,1.34,AU,1595304803
528,vestmanna,-42.78,147.06,287.04,76,81,1.34,AU,1595304803
529,jacareacanga,-42.78,147.06,287.04,76,81,1.34,AU,1595304803
530,uricani,-42.78,147.06,287.04,76,81,1.34,AU,1595304803
531,phrai bung,-42.78,147.06,287.04,76,81,1.34,AU,1595304803
532,bukama,-42.78,147.06,287.04,76,81,1.34,AU,1595304803
533,umred,-42.78,147.06,287.04,76,81,1.34,AU,1595304803
534,kilrush,-42.78,147.06,287.04,76,81,1.34,AU,1595304803
535,oktyabrskoye,-42.78,147.06,287.04,76,81,1.34,AU,1595304803
536,galgani,-42.78,147.06,287.04,76,81,1.34,AU,1595304803
537,jacmel,-42.78,147.06,287.04,76,81,1.34,AU,1595304803
538,stranda,-42.78,147.06,287.04,76,81,1.34,AU,1595304803
539,donghai,-42.78,147.06,287.04,76,81,1.34,AU,1595304803
540,pimentel,-42.78,147.06,287.04,76,81,1.34,AU,1595304803
541,calategas,-42.78,147.06,287.04,76,81,1.34,AU,1595304803
542,lodeynoye pole,-42.78,147.06,287.04,76,81,1.34,AU,1595304803
543,madhupur,-42.78,147.06,287.04,76,81,1.34,AU,1595304803
544,tarko-sale,-42.78,147.06,287.04,76,81,1.34,AU,1595304803
545,hofn,-42.78,147.06,287.04,76,81,1.34,AU,1595304803
546,puerto escondido,-42.78,147.06,287.04,76,81,1.34,AU,1595304803
547,koyilandi,-42.78,147.06,287.04,76,81,1.34,AU,1595304803
548,nyurba,-42.78,147.06,287.04,76,81,1.34,AU,1595304803
549,vila velha,-42.78,147.06,287.04,76,81,1.34,AU,1595304803
550,hualmay,-42.78,147.06,287.04,76,81,1.34,AU,1595304803
551,lata,-42.78,147.06,287.04,76,81,1.34,AU,1595304803
552,bonga,-42.78,147.06,287.04,76,81,1.34,AU,1595304803
553,solnechnyy,-42.78,147.06,287.04,76,81,1.34,AU,1595304803
554,olinda,-42.78,147.06,287.04,76,81,1.34,AU,1595304803
555,copiapo,-42.78,147.06,287.04,76,81,1.34,AU,1595304803
556,shasta lake,-42.78,147.06,287.04,76,81,1.34,AU,1595304803
557,sao francisco do sul,-42.78,147.06,287.04,76,81,1.34,AU,1595304803
558,oktyabrskiy,-42.78,147.06,287.04,76,81,1.34,AU,1595304803
559,lorengau,-42.78,147.06,287.04,76,81,1.34,AU,1595304803
560,seoul,-42.78,147.06,287.04,76,81,1.34,AU,1595304803
561,cocorit,-42.78,147.06,287.04,76,81,1.34,AU,1595304803
562,banjar,-42.78,147.06,287.04,76,81,1.34,AU,1595304803
563,alyangula,-42.78,147.06,287.04,76,81,1.34,AU,1595304803
564,dunedin,-42.78,147.06,287.04,76,81,1.34,AU,1595304803
565,gunjur,-42.78,147.06,287.04,76,81,1.34,AU,1595304803
566,camacha,-42.78,147.06,287.04,76,81,1.34,AU,1595304803
567,broome,-42.78,147.06,287.04,76,81,1.34,AU,1595304803
568,kangaatsiaq,-42.78,147.06,287.04,76,81,1.34,AU,1595304803
569,shabo,-42.78,147.06,287.04,76,81,1.34,AU,1595304803
570,vostok,-42.78,147.06,287.04,76,81,1.34,AU,1595304803
571,cardedeu,-42.78,147.06,287.04,76,81,1.34,AU,1595304803
572,kudahuvadhoo,-42.78,147.06,287.04,76,81,1.34,AU,1595304803
573,muisne,-42.78,147.06,287.04,76,81,1.34,AU,1595304803
574,vaitape,-42.78,147.06,287.04,76,81,1.34,AU,1595304803
575,kyra,-42.78,147.06,287.04,76,81,1.34,AU,1595304803
576,belogorsk,-42.78,147.06,287.04,76,81,1.34,AU,1595304803
577,chagda,-42.78,147.06,287.04,76,81,1.34,AU,1595304803
578,ukiah,-42.78,147.06,287.04,76,81,1.34,AU,1595304803
579,bokspits,-42.78,147.06,287.04,76,81,1.34,AU,1595304803
580,ixtapa,-42.78,147.06,287.04,76,81,1.34,AU,1595304803
581,karauzyak,-42.78,147.06,287.04,76,81,1.34,AU,1595304803
582,garden city,-42.78,147.06,287.04,76,81,1.34,AU,1595304803
583,puting kahoy,-42.78,147.06,287.04,76,81,1.34,AU,1595304803
584,warrington,-42.78,147.06,287.04,76,81,1.34,AU,1595304803
585,beatrice,-42.78,147.06,287.04,76,81,1.34,AU,1595304803
586,venice,-42.78,147.06,287.04,76,81,1.34,AU,1595304803
587,mogadishu,-42.78,147.06,287.04,76,81,1.34,AU,1595304803
588,lupiro,-42.78,147.06,287.04,76,81,1.34,AU,1595304803
589,sala,-42.78,147.06,287.04,76,81,1.34,AU,1595304803
590,udachnyy,-42.78,147.06,287.04,76,81,1.34,AU,1595304803
591,valera,-42.78,147.06,287.04,76,81,1.34,AU,1595304803
592,paidha,-42.78,147.06,287.04,76,81,1.34,AU,1595304803
593,half moon bay,-42.78,147.06,287.04,76,81,1.34,AU,1595304803
594,pangody,-42.78,147.06,287.04,76,81,1.34,AU,1595304803
595,lalibela,-42.78,147.06,287.04,76,81,1.34,AU,1595304803
596,dong hoi,-42.78,147.06,287.04,76,81,1.34,AU,1595304803
597,xihua,-42.78,147.06,287.04,76,81,1.34,AU,1595304803
598,mana,-42.78,147.06,287.04,76,81,1.34,AU,1595304803
599,santa maria,-42.78,147.06,287.04,76,81,1.34,AU,1595304803
600,ketchikan,-42.78,147.06,287.04,76,81,1.34,AU,1595304803
601,newport,-42.78,147.06,287.04,76,81,1.34,AU,1595304803
602,yuzhno-yeniseyskiy,-42.78,147.06,287.04,76,81,1.34,AU,1595304803
